  B01    10.672900  -147.497299 -5.3315
  B02    11.063900  -145.714005 -5.2765
  B04    10.459300  -146.369400 -5.1115
  B05    10.775500  -144.848007 -5.1965
  B06     9.707400  -147.748093 -5.2535
  B08     8.750700  -147.999100 -5.1985
  B11     9.161800  -146.003693 -4.8895
  B13     9.253800  -145.549103 -5.1745
  B16     9.388700  -144.881195 -5.0775
  B17     9.433300  -144.654907 -5.1375
  B19     9.652200  -143.546707 -5.0585
  B22     7.818600  -145.798996 -5.2205
  B23     8.136200  -144.287903 -5.1155
  B24     8.878500  -142.911407 -5.1575
  B25     7.164300  -146.723206 -5.1095
  B26     7.538200  -144.945801 -5.0425